taxon	sp_0000	sp_0001	sp_0002	sp_0003	sp_0004	sp_0005	sp_0006	sp_0007	sp_0008	sp_0009	sp_0010	sp_0011	sp_0012	sp_0013	sp_0014	sp_0015	sp_0016	sp_0017	sp_0018	sp_0019	sp_0020	sp_0021	sp_0022	sp_0023	sp_0024	sp_0025	sp_0026	sp_0027	sp_0028	sp_0029	sp_0030	sp_0031	sp_0032	sp_0033	sp_0034	sp_0035	sp_0036	sp_0037	sp_0038	sp_0039	sp_0040	sp_0041	sp_0042	sp_0043	sp_0044	sp_0045	sp_0046	sp_0047	sp_0048	sp_0049	sp_0050	sp_0051	sp_0052	sp_0053	sp_0054	sp_0055	sp_0056	sp_0057	sp_0058	sp_0059	sp_0060	sp_0061	sp_0062	sp_0063	sp_0064	sp_0065	sp_0066	sp_0067	sp_0068	sp_0069	sp_0070	sp_0071	sp_0072	sp_0073	sp_0074	sp_0075	sp_0076	sp_0077	sp_0078	sp_0079	sp_0080	sp_0081	sp_0082	sp_0083	sp_0084	sp_0085	sp_0086	sp_0087	sp_0088	sp_0089	sp_0090	sp_0091	sp_0092	sp_0093	sp_0094	sp_0095	sp_0096	sp_0097	sp_0098	sp_0099	sp_0100	sp_0101	sp_0102	sp_0103	sp_0104	sp_0105	sp_0106	sp_0107	sp_0108	sp_0109	sp_0110	sp_0111	sp_0112	sp_0113	sp_0114	sp_0115	sp_0116	sp_0117	sp_0118	sp_0119	sp_0120	sp_0121	sp_0122	sp_0123	sp_0124	sp_0125	sp_0126	sp_0127	sp_0128	sp_0129	sp_0130	sp_0131	sp_0132	sp_0133	sp_0134	sp_0135	sp_0136	sp_0137	sp_0138	sp_0139	sp_0140	sp_0141	sp_0142	sp_0143	sp_0144	sp_0145	sp_0146	sp_0147	sp_0148	sp_0149	sp_0150	sp_0151	sp_0152	sp_0153	sp_0154	sp_0155	sp_0156	sp_0157	sp_0158	sp_0159	sp_0160	sp_0161	sp_0162	sp_0163	sp_0164	sp_0165	sp_0166	sp_0167	sp_0168	sp_0169	sp_0170	sp_0171	sp_0172	sp_0173	sp_0174	sp_0175	sp_0176	sp_0177	sp_0178	sp_0179
sp_0000	0.000000	0.461226	0.296895	0.399919	0.310281	0.564430	0.246444	0.315708	0.405531	0.471695	0.445880	0.395031	0.419852	0.331245	0.369281	0.475872	0.288425	0.449666	0.474229	0.375717	0.294421	0.380223	0.415561	0.340457	0.429084	0.427847	0.458718	0.279500	0.374578	0.429923	0.518195	0.442307	0.358021	0.260529	0.487337	0.355743	0.433833	0.479652	0.488824	0.402998	0.302100	0.309313	0.518254	0.411243	0.277933	0.449697	0.541789	0.349952	0.405674	0.450361	0.382689	0.469756	0.443362	0.310098	0.382392	0.529152	0.480715	0.314801	0.286076	0.505768	0.554450	0.368188	0.518367	0.462319	0.414732	0.483229	0.485791	0.475618	0.375890	0.303571	0.472343	0.367562	0.463680	0.267188	0.460592	0.428835	0.450867	0.506697	0.332934	0.613791	0.505596	0.386826	0.565570	0.345327	0.345470	0.357322	0.402643	0.499387	0.540633	0.641167	0.398915	0.406542	0.470026	0.410847	0.373546	0.527551	0.390108	0.279853	0.388845	0.468804	0.440943	0.334217	0.255329	0.448704	0.387991	0.467195	0.275862	0.343795	0.533479	0.440667	0.424345	0.508949	0.348806	0.552781	0.465641	0.385342	0.504445	0.445153	0.300538	0.362514	0.426402	0.354431	0.236942	0.442798	0.401699	0.333425	0.459298	0.257176	0.322282	0.539671	0.410663	0.415913	0.422859	0.371126	0.421299	0.436171	0.374554	0.353973	0.332335	0.348822	0.421727	0.317533	0.576286	0.471307	0.278531	0.419399	0.561421	0.614386	0.357391	0.354555	0.326158	0.399110	0.405970	0.395581	0.309247	0.423848	0.382938	0.297608	0.502858	0.263214	0.525589	0.472135	0.454982	0.451390	0.203654	0.429474	0.350887	0.319035	0.423842	0.364863	0.469672	0.257696	0.481368	0.300681	0.396462	0.285470	0.404752	0.477359	0.375479	0.491172
sp_0001	0.461226	0.000000	0.372157	0.500434	0.427076	0.587294	0.567567	0.586538	0.527267	0.483887	0.693076	0.566518	0.422578	0.500651	0.416500	0.600838	0.377643	0.512902	0.260826	0.427348	0.453169	0.477296	0.462675	0.522555	0.526530	0.509573	0.480861	0.623184	0.442113	0.532451	0.618741	0.530977	0.407982	0.411448	0.673153	0.500740	0.344804	0.499131	0.442074	0.599638	0.460516	0.401799	0.444631	0.582609	0.417789	0.570811	0.606570	0.511899	0.384753	0.546466	0.380689	0.496593	0.445985	0.387611	0.504246	0.426551	0.570605	0.466225	0.316244	0.530994	0.583407	0.450224	0.476759	0.726390	0.623469	0.681200	0.518120	0.525870	0.449299	0.431810	0.410816	0.388057	0.551137	0.510638	0.622284	0.510899	0.444963	0.627045	0.525202	0.619959	0.558232	0.603621	0.594065	0.507403	0.599249	0.337743	0.466892	0.573206	0.566611	0.609399	0.435360	0.554410	0.534986	0.522168	0.358233	0.535512	0.404681	0.500533	0.467195	0.329257	0.621528	0.538207	0.503811	0.538252	0.447378	0.370281	0.450442	0.415797	0.510322	0.480293	0.490301	0.545354	0.529526	0.809397	0.539674	0.393280	0.470516	0.622705	0.390636	0.569097	0.356965	0.548935	0.445098	0.391114	0.566592	0.476820	0.560413	0.480027	0.490474	0.422467	0.486773	0.507038	0.405130	0.605464	0.443283	0.597514	0.499431	0.525741	0.521891	0.479058	0.493008	0.534540	0.491232	0.533034	0.456062	0.515468	0.387505	0.538789	0.447520	0.363171	0.395771	0.532259	0.622620	0.554866	0.492974	0.611009	0.539647	0.616814	0.631164	0.463594	0.712493	0.581880	0.567561	0.533816	0.486350	0.415860	0.436696	0.396004	0.474275	0.476869	0.537708	0.529937	0.522165	0.511198	0.566086	0.547584	0.598630	0.610923	0.447188	0.399908
sp_0002	0.296895	0.372157	0.000000	0.459663	0.284976	0.466570	0.299066	0.414437	0.423536	0.411174	0.525237	0.428814	0.337039	0.407644	0.351991	0.451575	0.310110	0.420429	0.399144	0.295541	0.353003	0.428366	0.432069	0.390357	0.469962	0.529982	0.404522	0.485942	0.380248	0.396287	0.485673	0.458533	0.359545	0.357209	0.532159	0.286375	0.351086	0.370760	0.465539	0.495316	0.280797	0.235457	0.544087	0.456908	0.282066	0.431696	0.515576	0.419134	0.311176	0.499095	0.268380	0.411168	0.458549	0.341009	0.404625	0.455625	0.443421	0.329911	0.251362	0.478475	0.565191	0.354596	0.420603	0.525523	0.500355	0.551620	0.350162	0.494048	0.422011	0.297544	0.355507	0.462833	0.574494	0.372347	0.540523	0.332201	0.279954	0.402289	0.362310	0.479953	0.501591	0.446702	0.538363	0.268024	0.284588	0.319585	0.372555	0.446960	0.455462	0.584683	0.370356	0.425406	0.454191	0.409934	0.301745	0.448082	0.394960	0.400514	0.340299	0.429099	0.528818	0.381843	0.345617	0.437340	0.357309	0.327351	0.314560	0.404574	0.500133	0.325430	0.297016	0.373426	0.330988	0.663103	0.347930	0.240826	0.462552	0.436470	0.303290	0.389287	0.403331	0.410788	0.367492	0.319878	0.392671	0.311048	0.464174	0.382239	0.245844	0.425037	0.471907	0.528132	0.367719	0.526627	0.322177	0.471825	0.375990	0.374521	0.306643	0.502739	0.444965	0.290292	0.521707	0.370609	0.364031	0.487431	0.468181	0.674345	0.297523	0.334693	0.361127	0.385858	0.337835	0.312042	0.437185	0.529503	0.473703	0.432325	0.636461	0.361162	0.587898	0.367613	0.546225	0.322000	0.353601	0.411687	0.235101	0.305620	0.399677	0.421682	0.401192	0.398624	0.479056	0.363433	0.463599	0.343911	0.501178	0.337241	0.458757	0.465631
sp_0003	0.399919	0.500434	0.459663	0.000000	0.384433	0.492997	0.459673	0.328054	0.640319	0.480964	0.443326	0.453489	0.526322	0.576684	0.410080	0.442548	0.421590	0.539897	0.504934	0.493122	0.431801	0.398663	0.355414	0.395634	0.462072	0.422992	0.484367	0.494389	0.348627	0.502018	0.537029	0.542885	0.419030	0.432160	0.590296	0.471255	0.554358	0.511816	0.394249	0.444361	0.505990	0.391336	0.468573	0.351530	0.357875	0.644191	0.617136	0.437796	0.452432	0.467923	0.496376	0.578273	0.432346	0.403829	0.446747	0.527875	0.505260	0.452577	0.476384	0.584430	0.590702	0.334383	0.586152	0.592906	0.483859	0.752198	0.466238	0.546029	0.466717	0.439823	0.426638	0.550247	0.522722	0.525339	0.442157	0.491429	0.457376	0.566557	0.291295	0.719550	0.486824	0.390087	0.587776	0.415302	0.633790	0.424839	0.306095	0.605926	0.640490	0.596136	0.405261	0.494346	0.691378	0.296168	0.480869	0.450787	0.423923	0.376338	0.512917	0.561782	0.498782	0.349047	0.484939	0.449654	0.524510	0.575256	0.456765	0.383409	0.575571	0.613591	0.384518	0.608082	0.607799	0.608146	0.570978	0.451998	0.616087	0.559951	0.380323	0.523192	0.379329	0.445771	0.433869	0.410922	0.474499	0.417263	0.604489	0.268222	0.503496	0.429912	0.609207	0.443283	0.485754	0.566300	0.438085	0.621291	0.533752	0.469676	0.355066	0.462198	0.607686	0.360983	0.401672	0.615918	0.327681	0.476464	0.578726	0.716430	0.556121	0.411766	0.476251	0.541926	0.493122	0.506358	0.411559	0.671034	0.477248	0.574217	0.675291	0.363374	0.597724	0.586530	0.431810	0.483648	0.409244	0.444281	0.560822	0.302908	0.583819	0.415711	0.546482	0.484007	0.432216	0.483207	0.465344	0.488117	0.297294	0.634296	0.515131	0.421678
sp_0004	0.310281	0.427076	0.284976	0.384433	0.000000	0.581805	0.292116	0.360437	0.581260	0.471037	0.460307	0.352469	0.370099	0.466440	0.431125	0.456461	0.205131	0.460984	0.438005	0.243068	0.423928	0.332895	0.351742	0.263628	0.515246	0.345546	0.391041	0.453051	0.367213	0.402616	0.486607	0.534014	0.312990	0.331069	0.497771	0.377318	0.395847	0.449311	0.423645	0.505363	0.264902	0.258074	0.404893	0.360934	0.230272	0.485091	0.468101	0.355729	0.355489	0.312850	0.359280	0.386765	0.403320	0.432236	0.234976	0.503433	0.520573	0.283010	0.328166	0.412723	0.560886	0.340176	0.414103	0.428951	0.504281	0.691605	0.334626	0.611643	0.374103	0.255728	0.393484	0.466748	0.542357	0.365249	0.532288	0.270525	0.291743	0.520096	0.215404	0.512289	0.522299	0.402308	0.556897	0.351022	0.464054	0.432041	0.219688	0.359973	0.596786	0.589441	0.403554	0.436713	0.439790	0.372181	0.251216	0.418755	0.255567	0.398646	0.361338	0.453957	0.387463	0.391732	0.406471	0.407217	0.330076	0.528377	0.339243	0.332278	0.350491	0.456943	0.322502	0.507122	0.452585	0.623920	0.463746	0.422662	0.601453	0.501777	0.290147	0.387587	0.324350	0.439791	0.318062	0.409591	0.478157	0.405819	0.498201	0.343512	0.361016	0.456430	0.498397	0.484200	0.445052	0.568179	0.431318	0.584428	0.405217	0.323844	0.225635	0.432034	0.345883	0.341429	0.408272	0.329240	0.318982	0.541575	0.520780	0.576751	0.424824	0.344106	0.256610	0.316690	0.370872	0.376891	0.495827	0.548826	0.495436	0.377260	0.561880	0.388567	0.563561	0.476197	0.383188	0.383653	0.368724	0.426395	0.368221	0.324486	0.452517	0.432508	0.472756	0.342050	0.354272	0.318090	0.439422	0.362250	0.361191	0.566935	0.434267	0.459368
sp_0005	0.564430	0.587294	0.466570	0.492997	0.581805	0.000000	0.518241	0.511534	0.651844	0.372643	0.590027	0.713287	0.598713	0.682756	0.493992	0.599759	0.604454	0.612114	0.528647	0.674706	0.531396	0.570357	0.552131	0.569772	0.543411	0.701459	0.545845	0.661136	0.591721	0.729642	0.622952	0.613335	0.592262	0.568340	0.647461	0.544609	0.655587	0.402031	0.473022	0.599482	0.526714	0.493301	0.726234	0.455462	0.487364	0.687772	0.695250	0.557289	0.469673	0.587298	0.569113	0.728094	0.676601	0.575752	0.646025	0.628855	0.453544	0.639702	0.587405	0.736754	0.752209	0.477718	0.549937	0.803761	0.735113	0.734664	0.438175	0.619300	0.566598	0.564371	0.459202	0.618728	0.716005	0.727517	0.582259	0.669708	0.488448	0.628705	0.531133	0.760199	0.558529	0.510166	0.583485	0.415471	0.596449	0.450473	0.550223	0.616700	0.585469	0.598690	0.603632	0.572960	0.723898	0.504291	0.602825	0.653753	0.680088	0.542997	0.582786	0.610388	0.730930	0.449080	0.586289	0.551452	0.688655	0.501534	0.556547	0.516702	0.758510	0.603873	0.496948	0.629457	0.553004	0.648026	0.555016	0.402703	0.657459	0.511322	0.555308	0.560263	0.573007	0.654436	0.662916	0.369753	0.477304	0.394800	0.734015	0.492471	0.588709	0.480491	0.633114	0.581419	0.462220	0.623901	0.382972	0.604945	0.668532	0.522264	0.511991	0.692890	0.795508	0.465214	0.562538	0.717141	0.621104	0.500759	0.675366	0.883513	0.524583	0.553956	0.715412	0.627698	0.486603	0.454567	0.518626	0.822037	0.652978	0.699643	0.896307	0.539298	0.585354	0.538801	0.630190	0.520883	0.587921	0.461781	0.535419	0.521293	0.648109	0.499440	0.483883	0.627361	0.719776	0.610638	0.649932	0.528095	0.597862	0.435305	0.707670	0.671481
sp_0006	0.246444	0.567567	0.299066	0.459673	0.292116	0.518241	0.000000	0.293312	0.527174	0.437081	0.389940	0.387180	0.450084	0.476630	0.440464	0.436128	0.367871	0.460448	0.524173	0.414349	0.426484	0.375746	0.444308	0.339706	0.529378	0.494760	0.435388	0.353362	0.458903	0.485725	0.447335	0.523574	0.416279	0.315053	0.507041	0.390879	0.519174	0.475385	0.507076	0.452538	0.287658	0.360774	0.590533	0.328613	0.271409	0.464000	0.582015	0.419379	0.443781	0.408882	0.390674	0.543884	0.549262	0.427170	0.365101	0.571014	0.437713	0.339671	0.402409	0.472158	0.632819	0.380639	0.485442	0.417355	0.514816	0.547431	0.435422	0.586388	0.390001	0.295552	0.453232	0.497791	0.528826	0.397650	0.517265	0.411058	0.432336	0.481507	0.292696	0.638270	0.570148	0.424481	0.573848	0.263263	0.338270	0.445271	0.372003	0.397390	0.542508	0.607670	0.446981	0.407785	0.453117	0.379701	0.372809	0.574795	0.477378	0.408476	0.386412	0.545336	0.459086	0.305865	0.311346	0.424460	0.373564	0.511379	0.345338	0.426698	0.523897	0.415068	0.370857	0.525289	0.317429	0.544875	0.439843	0.409555	0.590024	0.382512	0.355117	0.293617	0.490022	0.394362	0.404706	0.449064	0.344286	0.396863	0.500874	0.344230	0.386139	0.554006	0.490459	0.497102	0.478678	0.473672	0.469026	0.457461	0.451739	0.339769	0.269284	0.506183	0.498580	0.263106	0.560754	0.444360	0.414542	0.477887	0.649730	0.676124	0.401635	0.447373	0.400992	0.344876	0.262665	0.245892	0.465207	0.543948	0.437332	0.314265	0.626621	0.349162	0.429217	0.454493	0.509290	0.337116	0.291293	0.490017	0.378120	0.389605	0.500516	0.376141	0.378209	0.285844	0.551289	0.291348	0.447833	0.250562	0.456919	0.417885	0.469412	0.594995
sp_0007	0.315708	0.586538	0.414437	0.328054	0.360437	0.511534	0.293312	0.000000	0.553247	0.445760	0.329793	0.388422	0.422664	0.522227	0.470308	0.359724	0.388439	0.565473	0.569096	0.517535	0.389794	0.425138	0.398098	0.418116	0.405104	0.510330	0.520585	0.441703	0.454184	0.465531	0.404003	0.620981	0.423954	0.443071	0.474394	0.377508	0.510012	0.569311	0.419345	0.376869	0.409410	0.362594	0.547789	0.273364	0.291313	0.604700	0.573046	0.434632	0.405962	0.439427	0.536121	0.648897	0.532416	0.396349	0.472794	0.602866	0.473126	0.313431	0.516986	0.563471	0.503374	0.323715	0.553772	0.432894	0.482658	0.636727	0.492576	0.563185	0.429312	0.343365	0.504030	0.551490	0.458454	0.441479	0.420732	0.467956	0.505350	0.566867	0.203068	0.693572	0.432564	0.350204	0.577725	0.349877	0.476814	0.511901	0.377498	0.432811	0.606002	0.598726	0.422317	0.466463	0.586424	0.301330	0.437547	0.532215	0.502638	0.289406	0.514343	0.592899	0.446643	0.293424	0.339298	0.393525	0.448542	0.573048	0.432631	0.453718	0.577899	0.547641	0.402207	0.516406	0.478370	0.498033	0.596141	0.475407	0.650994	0.395950	0.343597	0.337502	0.441820	0.502709	0.471198	0.477233	0.325989	0.426735	0.511280	0.327010	0.413572	0.541754	0.501787	0.447289	0.556165	0.500884	0.524180	0.515150	0.593410	0.349707	0.311227	0.441150	0.602687	0.279089	0.470571	0.497846	0.326037	0.480186	0.629995	0.692658	0.496804	0.475038	0.484196	0.457340	0.407359	0.349503	0.450533	0.491583	0.422913	0.403116	0.682767	0.405689	0.538365	0.530929	0.484235	0.388487	0.352317	0.454535	0.497959	0.314699	0.622824	0.405404	0.433650	0.386283	0.436031	0.438010	0.336117	0.344570	0.305963	0.553534	0.564352	0.462481
sp_0008	0.405531	0.527267	0.423536	0.640319	0.581260	0.651844	0.527174	0.553247	0.000000	0.503623	0.682832	0.571487	0.488302	0.487092	0.439501	0.713766	0.547613	0.569291	0.541751	0.586734	0.344679	0.606446	0.577074	0.572655	0.518830	0.686178	0.650738	0.538838	0.503458	0.446303	0.543916	0.447067	0.498714	0.558188	0.607138	0.367925	0.523478	0.655054	0.575397	0.542839	0.529992	0.476564	0.690288	0.676000	0.465717	0.537659	0.704629	0.533636	0.575774	0.728892	0.570104	0.568873	0.564365	0.421791	0.627724	0.631599	0.469861	0.518072	0.420541	0.703124	0.484062	0.496608	0.693826	0.686191	0.579017	0.519747	0.683893	0.456261	0.554440	0.455697	0.633247	0.517680	0.605941	0.482507	0.494399	0.577527	0.623334	0.482984	0.595074	0.604313	0.582354	0.601301	0.531130	0.577662	0.360756	0.470493	0.613693	0.673918	0.553253	0.620279	0.517717	0.645975	0.569505	0.634175	0.525515	0.727191	0.604030	0.451040	0.549355	0.502749	0.707392	0.539696	0.347117	0.645154	0.525658	0.435381	0.456301	0.556032	0.697380	0.485002	0.600437	0.439230	0.525769	0.649911	0.602638	0.491688	0.618090	0.502791	0.484854	0.506128	0.590723	0.598727	0.484825	0.622371	0.574252	0.517883	0.547548	0.522160	0.421085	0.649911	0.457455	0.629006	0.514606	0.520063	0.545223	0.486994	0.621787	0.512147	0.609268	0.473581	0.630207	0.543418	0.757579	0.637812	0.509926	0.471431	0.631866	0.798461	0.501437	0.519435	0.511147	0.577621	0.661563	0.530763	0.415622	0.472203	0.569542	0.488293	0.588649	0.470054	0.746666	0.436215	0.718522	0.629910	0.380521	0.487215	0.499214	0.528704	0.547873	0.528064	0.607252	0.441484	0.616622	0.506462	0.557685	0.479242	0.667913	0.503373	0.634630	0.589619
sp_0009	0.471695	0.483887	0.411174	0.480964	0.471037	0.372643	0.437081	0.445760	0.503623	0.000000	0.489587	0.549550	0.444819	0.580739	0.432148	0.569492	0.545153	0.482821	0.423146	0.602399	0.433064	0.453201	0.473630	0.417586	0.540694	0.563812	0.388838	0.503364	0.533900	0.579981	0.381187	0.494258	0.523929	0.487346	0.535909	0.455281	0.533898	0.487647	0.268637	0.483461	0.481682	0.412530	0.652893	0.383288	0.318177	0.568944	0.706721	0.457224	0.499129	0.516490	0.540758	0.607073	0.544037	0.464292	0.518601	0.506277	0.328866	0.503343	0.488385	0.542678	0.560940	0.355112	0.495135	0.680304	0.685082	0.689745	0.510453	0.510550	0.420276	0.380176	0.457139	0.508328	0.524163	0.629411	0.514651	0.554523	0.506102	0.536222	0.423278	0.629143	0.510136	0.554741	0.536093	0.422448	0.536158	0.364360	0.428481	0.493068	0.596828	0.324481	0.495825	0.506944	0.509335	0.391810	0.386061	0.712958	0.550315	0.462656	0.383758	0.462468	0.629245	0.359284	0.386772	0.401837	0.495631	0.409403	0.424065	0.423796	0.603612	0.517322	0.407366	0.570276	0.509643	0.655633	0.560584	0.394989	0.607439	0.406505	0.413954	0.377456	0.424039	0.573417	0.553927	0.388569	0.440313	0.489263	0.583517	0.466631	0.534629	0.415218	0.547896	0.520853	0.396935	0.475456	0.429123	0.484032	0.624987	0.397642	0.432382	0.516100	0.636090	0.438661	0.450347	0.627362	0.523209	0.290871	0.665814	0.689558	0.531081	0.503699	0.538526	0.477217	0.494764	0.327223	0.465463	0.679919	0.549681	0.537655	0.665996	0.497298	0.502969	0.521912	0.610560	0.495286	0.441365	0.295637	0.546922	0.464970	0.562596	0.293451	0.346017	0.411426	0.594372	0.506593	0.592744	0.412366	0.552555	0.477567	0.617103	0.556673
sp_0010	0.445880	0.693076	0.525237	0.443326	0.460307	0.590027	0.389940	0.329793	0.682832	0.489587	0.000000	0.499523	0.533236	0.598500	0.561909	0.436320	0.532468	0.630979	0.628498	0.641360	0.470403	0.392762	0.574386	0.449189	0.670780	0.490195	0.548364	0.455013	0.540643	0.571204	0.476103	0.695264	0.611191	0.479687	0.433609	0.514141	0.577738	0.570440	0.456506	0.581684	0.552138	0.470474	0.650109	0.235189	0.345584	0.584669	0.605271	0.589612	0.545423	0.513921	0.584603	0.692498	0.556496	0.565054	0.597058	0.740957	0.611487	0.392608	0.605781	0.641119	0.726527	0.500815	0.562267	0.452632	0.593466	0.630351	0.601807	0.706962	0.421740	0.433271	0.493458	0.603356	0.408253	0.546175	0.620827	0.576212	0.595807	0.652051	0.334682	0.743356	0.608233	0.497964	0.723228	0.349563	0.605819	0.549984	0.444666	0.485979	0.706311	0.614591	0.457121	0.541414	0.528446	0.406747	0.486968	0.678064	0.535280	0.434461	0.525341	0.710207	0.457495	0.327520	0.408321	0.417743	0.569448	0.656151	0.462139	0.515678	0.664184	0.583684	0.441272	0.596517	0.594237	0.682408	0.550651	0.594120	0.647221	0.455509	0.476138	0.302394	0.593695	0.510831	0.538924	0.489640	0.421899	0.518112	0.697630	0.430705	0.544174	0.527452	0.739424	0.432673	0.681279	0.447326	0.607475	0.641700	0.608607	0.539584	0.401707	0.627542	0.580418	0.346764	0.592324	0.544849	0.423334	0.463056	0.753189	0.707587	0.585940	0.479744	0.548768	0.563427	0.444417	0.406560	0.535011	0.626246	0.526338	0.489113	0.672119	0.516443	0.397133	0.706868	0.525957	0.506186	0.478142	0.530154	0.596972	0.391813	0.682790	0.378118	0.460335	0.427462	0.535393	0.551356	0.477778	0.414246	0.470785	0.626713	0.534910	0.603505
sp_0011	0.395031	0.566518	0.428814	0.453489	0.352469	0.713287	0.387180	0.388422	0.571487	0.549550	0.499523	0.000000	0.425407	0.620518	0.539322	0.467059	0.448776	0.392058	0.591474	0.382214	0.542967	0.438988	0.487647	0.433238	0.623689	0.535260	0.469188	0.498346	0.420272	0.330351	0.367987	0.524145	0.470619	0.457110	0.662233	0.374375	0.503326	0.658515	0.516130	0.519861	0.518057	0.411782	0.520016	0.477041	0.382141	0.575816	0.702191	0.498156	0.561421	0.533322	0.471246	0.527359	0.497948	0.434577	0.400006	0.502937	0.538150	0.312096	0.448849	0.435819	0.559160	0.345517	0.558485	0.304105	0.404216	0.692243	0.571519	0.580049	0.507038	0.261915	0.558797	0.631714	0.515454	0.358208	0.512633	0.384615	0.567660	0.444275	0.323165	0.686925	0.581938	0.529255	0.645240	0.475894	0.535289	0.509010	0.344038	0.524996	0.527162	0.629414	0.326683	0.462127	0.549829	0.387739	0.374123	0.620350	0.485615	0.445751	0.484584	0.506717	0.519256	0.483012	0.366372	0.495881	0.333542	0.573782	0.445759	0.484067	0.442992	0.492497	0.412410	0.523398	0.540224	0.682202	0.606180	0.535544	0.671546	0.461499	0.276746	0.465949	0.491961	0.455025	0.430201	0.568991	0.479982	0.594248	0.410798	0.479475	0.507634	0.530829	0.595844	0.536507	0.570073	0.624322	0.603140	0.485009	0.506087	0.447889	0.366313	0.495927	0.555796	0.334409	0.537081	0.479754	0.401342	0.532101	0.549102	0.612533	0.576806	0.479542	0.329846	0.361341	0.460825	0.466470	0.545266	0.552444	0.514076	0.458206	0.649683	0.403194	0.602942	0.555111	0.627343	0.374252	0.328049	0.592971	0.528289	0.378936	0.514298	0.427618	0.559180	0.408306	0.478991	0.364258	0.419255	0.530063	0.502199	0.595794	0.500389	0.455805
sp_0012	0.419852	0.422578	0.337039	0.526322	0.370099	0.598713	0.450084	0.422664	0.488302	0.444819	0.533236	0.425407	0.000000	0.452149	0.498950	0.453574	0.392972	0.467143	0.529032	0.424146	0.408329	0.535168	0.472194	0.459346	0.485862	0.559126	0.461359	0.559210	0.492576	0.447238	0.420509	0.619630	0.473598	0.516264	0.564024	0.350669	0.252932	0.573835	0.368851	0.503891	0.387510	0.236960	0.551812	0.473158	0.344437	0.494239	0.500825	0.459200	0.350903	0.495186	0.511451	0.513496	0.422854	0.433573	0.534383	0.527967	0.595258	0.260031	0.404789	0.455326	0.475808	0.421786	0.358983	0.462015	0.478489	0.683436	0.458420	0.485613	0.521793	0.284532	0.512004	0.480485	0.514111	0.393429	0.626564	0.483769	0.454637	0.576980	0.371142	0.552821	0.327738	0.454250	0.661004	0.449085	0.459994	0.447763	0.441627	0.359910	0.514299	0.643059	0.436961	0.501964	0.479665	0.450066	0.251094	0.562853	0.479095	0.370426	0.421115	0.392599	0.611485	0.530874	0.393275	0.472853	0.456411	0.395192	0.343145	0.446523	0.563224	0.445009	0.382954	0.430551	0.426219	0.761034	0.587154	0.409202	0.542578	0.379666	0.304767	0.381186	0.377358	0.603649	0.479792	0.431544	0.491445	0.454142	0.364848	0.509873	0.379630	0.490266	0.475940	0.509870	0.524577	0.547489	0.467873	0.477844	0.527684	0.347882	0.398620	0.466360	0.498454	0.411128	0.491470	0.369118	0.358360	0.516633	0.430096	0.530842	0.507465	0.415450	0.433793	0.354222	0.462268	0.409239	0.486104	0.390842	0.609315	0.420339	0.644122	0.552271	0.653304	0.534145	0.586542	0.423067	0.482435	0.373787	0.427803	0.325543	0.458717	0.443127	0.497123	0.457417	0.394011	0.532140	0.356853	0.473705	0.516427	0.558433	0.552104	0.344914
sp_0013	0.331245	0.500651	0.407644	0.576684	0.466440	0.682756	0.476630	0.522227	0.487092	0.580739	0.598500	0.620518	0.452149	0.000000	0.482341	0.550654	0.426065	0.613824	0.601198	0.496920	0.339571	0.614588	0.558348	0.480147	0.452948	0.547598	0.543692	0.399207	0.566769	0.585460	0.682407	0.618233	0.527790	0.477199	0.540147	0.531851	0.425442	0.570907	0.586792	0.457986	0.398412	0.384392	0.702103	0.589794	0.449673	0.503169	0.561819	0.470520	0.462437	0.613239	0.541903	0.523236	0.488563	0.397189	0.574046	0.606544	0.678366	0.449640	0.393670	0.555637	0.598658	0.582001	0.598798	0.644815	0.555276	0.611015	0.583748	0.473341	0.566162	0.515703	0.598587	0.399776	0.582447	0.424757	0.709482	0.572234	0.502267	0.675741	0.510324	0.573637	0.509285	0.536914	0.775308	0.491450	0.421263	0.454225	0.592648	0.606103	0.733767	0.767663	0.596895	0.540066	0.565329	0.541315	0.444911	0.565667	0.456136	0.422644	0.393735	0.582295	0.602004	0.512947	0.439475	0.527548	0.551118	0.481990	0.351814	0.504819	0.720079	0.580510	0.499918	0.626851	0.419564	0.803787	0.570294	0.413819	0.428763	0.617854	0.479530	0.486922	0.446327	0.494140	0.391444	0.487573	0.564883	0.412504	0.510416	0.460736	0.322190	0.658385	0.523086	0.604030	0.521489	0.394254	0.453748	0.572899	0.451000	0.483682	0.468704	0.434211	0.404201	0.529910	0.666613	0.546183	0.342370	0.566150	0.666372	0.663511	0.481757	0.495828	0.497044	0.558461	0.543250	0.525578	0.433296	0.413667	0.531176	0.407845	0.500606	0.552924	0.721176	0.637157	0.592074	0.628091	0.489613	0.434435	0.478294	0.440370	0.501035	0.532179	0.552345	0.448788	0.524891	0.590361	0.553978	0.384244	0.525386	0.607512	0.515734	0.524680
sp_0014	0.369281	0.416500	0.351991	0.410080	0.431125	0.493992	0.440464	0.470308	0.439501	0.432148	0.561909	0.539322	0.498950	0.482341	0.000000	0.570289	0.452259	0.535292	0.396843	0.495878	0.276543	0.426629	0.287665	0.394852	0.501329	0.448929	0.569011	0.472280	0.258480	0.458907	0.506577	0.447932	0.294763	0.398759	0.643211	0.467534	0.553618	0.543582	0.436609	0.449190	0.414147	0.420653	0.516157	0.491885	0.315048	0.377438	0.568422	0.514278	0.497218	0.536194	0.389276	0.507481	0.354295	0.376730	0.489601	0.598675	0.379860	0.484746	0.317791	0.568263	0.587520	0.473788	0.604873	0.682512	0.499552	0.638956	0.499672	0.444208	0.458285	0.438776	0.329073	0.395569	0.536746	0.545660	0.526650	0.530543	0.395512	0.420433	0.464272	0.665370	0.550305	0.474718	0.447852	0.414111	0.468502	0.374927	0.375470	0.592538	0.536723	0.574385	0.461775	0.645511	0.603963	0.482640	0.421406	0.504053	0.476515	0.500638	0.435184	0.479568	0.661837	0.400557	0.454292	0.606643	0.493547	0.362548	0.333115	0.460857	0.656260	0.374997	0.389660	0.487464	0.480807	0.648345	0.374568	0.342950	0.489041	0.488348	0.487099	0.440856	0.456433	0.399607	0.458627	0.458143	0.538642	0.343674	0.592202	0.251894	0.404970	0.549051	0.494486	0.553771	0.474515	0.547134	0.386980	0.600510	0.531124	0.491731	0.491977	0.509425	0.560847	0.461492	0.613056	0.616530	0.433866	0.462325	0.609383	0.764949	0.530944	0.368060	0.417622	0.507734	0.528320	0.406356	0.328392	0.599697	0.518961	0.474413	0.526967	0.347330	0.588409	0.405421	0.504297	0.505571	0.350121	0.357260	0.506503	0.396114	0.513685	0.423912	0.523678	0.379752	0.508165	0.451739	0.477128	0.359193	0.560223	0.549188	0.482617	0.550918
sp_0015	0.475872	0.600838	0.451575	0.442548	0.456461	0.599759	0.436128	0.359724	0.713766	0.569492	0.436320	0.467059	0.453574	0.550654	0.570289	0.000000	0.502112	0.609051	0.650487	0.547061	0.543903	0.565156	0.550239	0.572495	0.543503	0.641174	0.517515	0.576274	0.576192	0.572966	0.510730	0.762519	0.584560	0.521690	0.660131	0.540521	0.495486	0.618590	0.546774	0.473957	0.534540	0.445937	0.682796	0.413675	0.450080	0.655431	0.667029	0.631980	0.447225	0.598157	0.517240	0.734085	0.601565	0.407508	0.612765	0.572165	0.653059	0.359868	0.583710	0.496717	0.666008	0.497357	0.558877	0.504022	0.532519	0.701293	0.559244	0.584888	0.575912	0.488558	0.503959	0.658863	0.509588	0.527299	0.708889	0.546006	0.542718	0.641511	0.365393	0.774588	0.516004	0.552500	0.821432	0.337972	0.581056	0.548393	0.491339	0.526491	0.652399	0.735833	0.450082	0.480410	0.674435	0.283336	0.458869	0.520752	0.580629	0.490057	0.518159	0.692532	0.579581	0.428955	0.484758	0.411416	0.495178	0.538561	0.515901	0.616196	0.693278	0.569993	0.336139	0.594672	0.487341	0.833753	0.597056	0.446379	0.504298	0.533491	0.424739	0.467690	0.497264	0.471721	0.600245	0.415822	0.324103	0.525379	0.511623	0.502930	0.475613	0.549047	0.690186	0.579127	0.657129	0.599678	0.577753	0.573843	0.582094	0.553295	0.361571	0.641032	0.642894	0.325825	0.509102	0.509328	0.392108	0.611762	0.635881	0.688601	0.571903	0.553829	0.577145	0.564703	0.395538	0.415643	0.608231	0.584279	0.464355	0.581757	0.815111	0.557560	0.624828	0.711428	0.676482	0.314376	0.535674	0.586452	0.566869	0.296952	0.673450	0.485382	0.407244	0.581012	0.536506	0.622407	0.450404	0.493485	0.499424	0.585749	0.562104	0.427073
sp_0016	0.288425	0.377643	0.310110	0.421590	0.205131	0.604454	0.367871	0.388439	0.547613	0.545153	0.532468	0.448776	0.392972	0.426065	0.452259	0.502112	0.000000	0.550998	0.409169	0.291116	0.393234	0.377968	0.399448	0.401651	0.452817	0.397064	0.502412	0.513270	0.391049	0.436780	0.593417	0.583202	0.291635	0.327620	0.484809	0.385042	0.339267	0.453892	0.486432	0.550270	0.265056	0.293873	0.357299	0.441915	0.305380	0.543144	0.407350	0.389797	0.262345	0.371646	0.372323	0.452086	0.452980	0.416291	0.354164	0.551537	0.583971	0.294696	0.334140	0.538371	0.554732	0.386434	0.452378	0.502131	0.526344	0.622647	0.399146	0.633403	0.365372	0.328646	0.430631	0.415288	0.540425	0.318532	0.523090	0.342657	0.350422	0.614838	0.327247	0.544793	0.525414	0.405246	0.551427	0.395849	0.467917	0.456264	0.367288	0.408916	0.601655	0.672933	0.417028	0.475891	0.464142	0.467992	0.349521	0.384395	0.274967	0.356034	0.479589	0.465014	0.371697	0.435268	0.424073	0.462588	0.380346	0.546827	0.399762	0.354639	0.393209	0.485056	0.454080	0.486075	0.463167	0.606224	0.505667	0.458107	0.591589	0.560308	0.321828	0.447700	0.370624	0.502824	0.302231	0.438586	0.487001	0.376120	0.542681	0.351575	0.337255	0.500121	0.429691	0.442804	0.471736	0.568935	0.466300	0.612328	0.435835	0.384394	0.352245	0.406212	0.359502	0.400495	0.480236	0.319414	0.308262	0.580140	0.455776	0.570637	0.335520	0.317621	0.302379	0.430434	0.477823	0.470665	0.485395	0.481429	0.468931	0.423278	0.593893	0.382469	0.642160	0.505324	0.360553	0.452731	0.395201	0.458770	0.297505	0.323735	0.494413	0.503915	0.524709	0.411045	0.374362	0.356857	0.419442	0.395348	0.378039	0.591862	0.422059	0.439952
sp_0017	0.449666	0.512902	0.420429	0.539897	0.460984	0.612114	0.460448	0.565473	0.569291	0.482821	0.630979	0.392058	0.467143	0.613824	0.535292	0.609051	0.550998	0.000000	0.575415	0.410957	0.590608	0.523147	0.565347	0.423849	0.670312	0.596455	0.319847	0.484830	0.502618	0.565216	0.523206	0.353398	0.577791	0.453623	0.760819	0.468987	0.547997	0.546571	0.516887	0.571417	0.515023	0.409627	0.643239	0.550960	0.474082	0.526978	0.767401	0.437497	0.599530	0.551335	0.459665	0.456606	0.514085	0.506064	0.446332	0.398602	0.543729	0.505951	0.359884	0.422933	0.714055	0.422155	0.444808	0.536173	0.472076	0.713809	0.508188	0.477901	0.591035	0.350460	0.572375	0.556524	0.647246	0.462064	0.617794	0.556796	0.556402	0.472662	0.489246	0.717905	0.579154	0.555548	0.696879	0.516355	0.555891	0.327100	0.457131	0.616643	0.421824	0.667932	0.475276	0.390487	0.578782	0.487878	0.410057	0.732483	0.571735	0.511101	0.385645	0.334671	0.703137	0.579744	0.460596	0.569211	0.515390	0.446946	0.374161	0.384578	0.568015	0.497834	0.453372	0.651220	0.459795	0.772987	0.574004	0.425470	0.593635	0.454333	0.339211	0.563130	0.510829	0.496942	0.440682	0.483010	0.571792	0.537897	0.415577	0.535036	0.598428	0.489330	0.591244	0.544020	0.385829	0.569210	0.438272	0.344369	0.376920	0.442716	0.431861	0.546607	0.605853	0.424509	0.594495	0.629007	0.533472	0.437849	0.514928	0.603989	0.573498	0.485502	0.449448	0.317571	0.428059	0.521335	0.459709	0.690563	0.662333	0.537908	0.684193	0.445660	0.555314	0.551852	0.680436	0.480831	0.419171	0.541394	0.500759	0.485715	0.253855	0.371043	0.598916	0.472147	0.669286	0.419248	0.576202	0.603664	0.633649	0.488292	0.494668	0.572140
sp_0018	0.474229	0.260826	0.399144	0.504934	0.438005	0.528647	0.524173	0.569096	0.541751	0.423146	0.628498	0.591474	0.529032	0.601198	0.396843	0.650487	0.409169	0.575415	0.000000	0.516201	0.459153	0.339506	0.471975	0.515789	0.611026	0.481772	0.527579	0.626667	0.432001	0.539468	0.587000	0.521646	0.395947	0.358738	0.604446	0.505705	0.464932	0.456992	0.436355	0.663616	0.481808	0.481339	0.425622	0.518383	0.364288	0.577602	0.627116	0.561100	0.437364	0.523705	0.356030	0.560594	0.524165	0.461613	0.493562	0.539972	0.468430	0.501613	0.393332	0.622863	0.646225	0.436137	0.524772	0.747449	0.719301	0.617218	0.550258	0.654258	0.287529	0.426935	0.321556	0.423202	0.517158	0.583166	0.554125	0.497974	0.470586	0.608065	0.525475	0.646639	0.680231	0.634521	0.459995	0.459351	0.609084	0.383939	0.435866	0.547791	0.587198	0.479813	0.414451	0.599757	0.460783	0.540788	0.411407	0.604080	0.424169	0.541741	0.516030	0.432001	0.554163	0.442080	0.480447	0.527930	0.426805	0.457383	0.502323	0.432692	0.464538	0.448125	0.523999	0.521262	0.578937	0.710097	0.470961	0.474815	0.568012	0.608421	0.450409	0.510239	0.469630	0.544731	0.485191	0.424164	0.527796	0.501248	0.702126	0.447621	0.539573	0.402448	0.536368	0.474543	0.446005	0.606417	0.509657	0.656288	0.576734	0.563742	0.544595	0.554324	0.528442	0.521475	0.525378	0.552570	0.533242	0.470025	0.526363	0.626529	0.413785	0.359437	0.405067	0.575791	0.632417	0.500406	0.531741	0.698750	0.491505	0.630958	0.643765	0.403501	0.608513	0.556157	0.528726	0.532102	0.448655	0.450488	0.448775	0.450443	0.579805	0.445785	0.475516	0.483003	0.582192	0.440345	0.611998	0.491299	0.622879	0.584839	0.454550	0.547581
sp_0019	0.375717	0.427348	0.295541	0.493122	0.243068	0.674706	0.414349	0.517535	0.586734	0.602399	0.641360	0.382214	0.424146	0.496920	0.495878	0.547061	0.291116	0.410957	0.516201	0.000000	0.519370	0.484933	0.467175	0.393113	0.570939	0.493723	0.434111	0.541584	0.402012	0.419137	0.608298	0.497867	0.386480	0.409935	0.656131	0.402208	0.417047	0.492080	0.574857	0.585310	0.353837	0.310413	0.478009	0.562398	0.412227	0.522770	0.553747	0.406075	0.430436	0.480398	0.341428	0.306748	0.451225	0.459849	0.300685	0.457363	0.610553	0.387561	0.274241	0.443168	0.627258	0.421824	0.468910	0.485747	0.467802	0.723684	0.377211	0.599359	0.534917	0.352774	0.495247	0.540704	0.680680	0.327270	0.608804	0.305355	0.338824	0.497703	0.396785	0.523917	0.581311	0.482681	0.638904	0.463097	0.468557	0.441617	0.368505	0.528755	0.552940	0.726771	0.448386	0.452717	0.543269	0.493885	0.355153	0.430864	0.341061	0.480806	0.418252	0.433509	0.529375	0.551489	0.494488	0.542532	0.395446	0.525504	0.396323	0.403647	0.404319	0.480283	0.406057	0.538031	0.472398	0.731009	0.497388	0.425771	0.600907	0.592905	0.329905	0.559411	0.410348	0.464097	0.314022	0.476350	0.580960	0.456437	0.459908	0.461599	0.392340	0.515936	0.535791	0.591733	0.434768	0.664614	0.434976	0.579800	0.314406	0.421192	0.340945	0.495207	0.395752	0.416877	0.535227	0.390581	0.393917	0.637044	0.441390	0.631479	0.446046	0.394242	0.292835	0.358351	0.430363	0.519990	0.537495	0.593187	0.588167	0.479179	0.633301	0.423185	0.701859	0.477429	0.532262	0.437400	0.431223	0.548298	0.345289	0.401739	0.358547	0.545986	0.609721	0.474545	0.461749	0.362081	0.517807	0.518435	0.495694	0.561799	0.460588	0.486868
sp_0020	0.294421	0.453169	0.353003	0.431801	0.423928	0.531396	0.426484	0.389794	0.344679	0.433064	0.470403	0.542967	0.408329	0.339571	0.276543	0.543903	0.393234	0.590608	0.459153	0.519370	0.000000	0.454454	0.397414	0.406551	0.414778	0.455907	0.578351	0.424098	0.357759	0.425166	0.514150	0.517946	0.372899	0.436866	0.442763	0.375363	0.434705	0.526286	0.408755	0.439610	0.392694	0.334599	0.548298	0.463415	0.280707	0.428362	0.467909	0.455831	0.412428	0.546360	0.488832	0.509444	0.364749	0.366208	0.543795	0.642657	0.483850	0.388662	0.364093	0.628679	0.492334	0.456078	0.581392	0.608359	0.492746	0.553139	0.529348	0.459084	0.423575	0.405456	0.438572	0.368979	0.466329	0.444837	0.500193	0.513127	0.442129	0.525020	0.415170	0.560990	0.451138	0.410746	0.518966	0.408528	0.398241	0.402785	0.447274	0.537876	0.605530	0.589866	0.450817	0.599667	0.526883	0.487150	0.414287	0.515994	0.425391	0.330982	0.447744	0.517726	0.559777	0.372124	0.346169	0.521775	0.510383	0.425904	0.307679	0.431757	0.657928	0.454964	0.435068	0.423926	0.483944	0.612927	0.464076	0.402210	0.500352	0.462380	0.436406	0.354399	0.442437	0.480458	0.391376	0.455644	0.497330	0.310225	0.574863	0.289550	0.287159	0.543938	0.474116	0.483456	0.505352	0.408535	0.412975	0.579215	0.534919	0.437188	0.461415	0.414891	0.481837	0.434306	0.611845	0.528210	0.302367	0.428861	0.601783	0.721034	0.459395	0.346685	0.434780	0.529821	0.538844	0.419595	0.290777	0.426481	0.489741	0.387063	0.478979	0.410466	0.618236	0.468886	0.469179	0.555442	0.362631	0.297616	0.455803	0.341154	0.533132	0.429536	0.510774	0.346667	0.408566	0.492604	0.412720	0.298707	0.464324	0.552543	0.506867	0.480416
sp_0021	0.380223	0.477296	0.428366	0.398663	0.332895	0.570357	0.375746	0.425138	0.606446	0.453201	0.392762	0.438988	0.535168	0.614588	0.426629	0.565156	0.377968	0.523147	0.339506	0.484933	0.454454	0.000000	0.444713	0.375482	0.667252	0.319323	0.496080	0.482063	0.357518	0.479783	0.501052	0.517878	0.407294	0.253987	0.514900	0.467873	0.521410	0.470661	0.420974	0.632510	0.459576	0.451387	0.377525	0.324580	0.257198	0.513427	0.574397	0.518357	0.489463	0.389262	0.363813	0.540097	0.471166	0.505837	0.401106	0.622709	0.487663	0.395111	0.421970	0.583584	0.698613	0.399893	0.498147	0.531741	0.600135	0.585467	0.528500	0.703796	0.184439	0.321678	0.321544	0.456784	0.411573	0.486933	0.502901	0.450845	0.490746	0.568177	0.369561	0.693699	0.682330	0.520396	0.497539	0.366860	0.598504	0.429685	0.294998	0.468522	0.585455	0.514983	0.337747	0.532996	0.403438	0.458161	0.391634	0.608500	0.377680	0.468676	0.492364	0.513892	0.392861	0.334871	0.402863	0.475104	0.410871	0.580933	0.428480	0.364486	0.414416	0.444169	0.465282	0.538035	0.569505	0.601885	0.428763	0.546640	0.627299	0.509198	0.399388	0.381495	0.515682	0.438466	0.400709	0.459647	0.474920	0.484726	0.692436	0.331542	0.542949	0.422105	0.604587	0.342786	0.532570	0.529541	0.549155	0.637558	0.509829	0.513834	0.428403	0.545054	0.468195	0.386533	0.533215	0.495911	0.451969	0.425866	0.597855	0.599162	0.460350	0.303608	0.320777	0.480865	0.506970	0.435662	0.489858	0.665597	0.462596	0.502654	0.575181	0.305896	0.396347	0.577697	0.393283	0.472842	0.341602	0.497794	0.468945	0.387456	0.564198	0.342064	0.480599	0.341812	0.522338	0.312738	0.500381	0.419726	0.508313	0.602868	0.350092	0.581794
sp_0022	0.415561	0.462675	0.432069	0.355414	0.351742	0.552131	0.444308	0.398098	0.577074	0.473630	0.574386	0.487647	0.472194	0.558348	0.287665	0.550239	0.399448	0.565347	0.471975	0.467175	0.397414	0.444713	0.000000	0.354674	0.446994	0.394360	0.570447	0.520435	0.314433	0.483003	0.477963	0.562393	0.210123	0.456830	0.665359	0.500893	0.577902	0.624638	0.391447	0.403125	0.373106	0.415060	0.413511	0.438622	0.319319	0.502415	0.545570	0.448230	0.481138	0.387015	0.495739	0.544728	0.372059	0.443559	0.393462	0.599172	0.430476	0.464299	0.415943	0.506251	0.507565	0.430812	0.588265	0.631296	0.505629	0.804209	0.438666	0.524604	0.495911	0.416226	0.424100	0.456961	0.575992	0.562344	0.494489	0.505598	0.388612	0.527681	0.365164	0.696857	0.479408	0.401656	0.444657	0.491363	0.563261	0.504047	0.282360	0.502719	0.613513	0.600229	0.525291	0.649576	0.656709	0.440456	0.402830	0.453568	0.465611	0.495800	0.490257	0.473458	0.628476	0.456138	0.525241	0.598071	0.481737	0.513516	0.402481	0.442561	0.577578	0.501996	0.407810	0.573898	0.531335	0.581254	0.554676	0.442432	0.655031	0.509280	0.467780	0.472054	0.355377	0.519486	0.497530	0.529153	0.581833	0.425285	0.545703	0.278666	0.467699	0.598017	0.429933	0.568823	0.516855	0.652575	0.464556	0.647875	0.609405	0.388233	0.446924	0.436873	0.588113	0.495903	0.479975	0.594933	0.433619	0.564796	0.610348	0.714355	0.614262	0.450850	0.417085	0.429593	0.535800	0.435438	0.434804	0.598810	0.571490	0.449462	0.575092	0.426497	0.637529	0.433921	0.412914	0.495983	0.407333	0.365767	0.568048	0.424637	0.570202	0.485196	0.572375	0.402307	0.410104	0.450559	0.424363	0.408599	0.442860	0.679332	0.566685	0.512879
